a=[2 4 6 8 2]

a =

     2     4     6     8     2

b=[2;4;6;8;10]

b =

     2
     4
     6
     8
    10

A=[123; 456; 789;]

A =

   123
   456
   789

t=(1:5)

t =

     1     2     3     4     5

t=(20:-2:10)

t =

    20    18    16    14    12    10

t(1:3)

ans =

    20    18    16

t(4:6)

ans =

    14    12    10

linspace(0,6,13)

ans =

         0    0.5000    1.0000    1.5000    2.0000    2.5000    3.0000    3.5000    4.0000    4.5000    5.0000    5.5000    6.0000

linspace(0,12,13)

ans =

     0     1     2     3     4     5     6     7     8     9    10    11    12

 f = 'Meet ';
 >> s = 'inani';
  >> s = 'inani';
  ↑
Invalid use of operator.
 
f='meet';
s='inani';

x=[f s]

x =

    'meetinani'

a=( 1 2 3)
 a=( 1 2 3)
       ↑
Invalid expression. Check for missing multiplication operator, missing or unbalanced delimiters, or other syntax error. To
construct matrices, use brackets instead of parentheses.
 
A=[1 2 3]

A =

     1     2     3

B=[1 2 3]

B =

     1     2     3

A.*B

ans =

     1     4     9